Setting up interface: rr-0-1
Setting up interface: r-0
Setting up interface: r-1
3232235778, 4294967040, 2
3232235778
222 173 190 239 0 1 
222 173 190 239 0 1 
3232235778, 4294967040, 2
3232235778
222 173 190 239 0 1 
222 173 190 239 0 1 
3232235778, 4294967040, 2
3232235778
222 173 190 239 0 1 
222 173 190 239 0 1 
3232235778, 4294967040, 2
3232235778
222 173 190 239 0 1 
222 173 190 239 0 1 
3232235778, 4294967040, 2
3232235778
222 173 190 239 0 1 
222 173 190 239 0 1 
3221225730, 4294967040, 0
3232236034
202 254 186 190 1 0 
202 254 186 190 1 0 
3221225730, 4294966784, 2
3232236290
202 254 186 190 1 0 
202 254 186 190 1 0 
3232235522, 4294967040, 1
3232235522
222 173 190 239 0 0 
222 173 190 239 0 0 
3221225730, 4294967040, 0
3232236034
202 254 186 190 1 0 
202 254 186 190 1 0 
3221225730, 4294966784, 2
3232236290
202 254 186 190 1 0 
202 254 186 190 1 0 
3232235522, 4294967040, 1
3232235522
222 173 190 239 0 0 
222 173 190 239 0 0 
3232235522, 4294967040, 1
3232235522
222 173 190 239 0 0 
222 173 190 239 0 0 
